SpaceObjects: "Earth,James Webb Space Telescope,Sun";
Probe: "James Webb Space Telescope";
numOfSamples: "20";
deltaD: "500";
ts: "500";
Iterations: "500";
dataSamples: "500";
Range: "{-2000000.0,2000000.0,-500000.0,500000.0}";
Probe Pos: "(-1471603.356, 0.0, 0.0)";
Simulation Class: "precreatedScenarios.SunEarthJamesWebbSimulation";
----------
(-1913043.4782608696, -477272.7272727273, 0.0),(2.2152323308327536E-8, -1.0548997933603863E-8, 3.111504923477107E-6)
(-1913043.4782608696, -431818.1818181818, 0.0),(2.252997439157193E-8, -1.0826697619706193E-8, 2.7010141325279887E-6)
(-1913043.4782608696, -386363.63636363635, 0.0),(2.2880004200360755E-8, -1.1085234320239318E-8, 2.2293858187161733E-6)
(-1913043.4782608696, -340909.0909090909, 0.0),(2.3198657360232483E-8, -1.1321511438764418E-8, 1.679766230853811E-6)
(-1913043.4782608696, -295454.5454545454, 0.0),(2.3482387143147644E-8, -1.1532592043286014E-8, 1.0267095470391567E-6)
(-1913043.4782608696, -249999.99999999994, 0.0),(2.372793307267265E-8, -1.1715765511528504E-8, 2.290402888933931E-7)
(-1913043.4782608696, -204545.45454545447, 0.0),(2.393239525633528E-8, -1.1868614391774445E-8, -7.866797926121226E-7)
(-1913043.4782608696, -159090.909090909, 0.0),(2.4093303769735377E-8, -1.198907489443226E-8, -2.172422005775251E-6)
(-1913043.4782608696, -113636.36363636355, 0.0),(2.4208678972265794E-8, -1.2075490639193708E-8, -4.3373380891475976E-6)
(-1913043.4782608696, -68181.81818181809, 0.0),(2.4277081518619443E-8, -1.2126655715557682E-8, -9.062910313056516E-6)
(-1913043.4782608696, -22727.272727272633, 0.0),(2.4297648712936575E-8, -1.2141879066255255E-8, -7.366688118631822E-6)
(-1913043.4782608696, 22727.272727272823, 0.0),(2.4270117429414383E-8, -1.2121280509674125E-8, -3.7037765292373872E-6)
(-1913043.4782608696, 68181.81818181828, 0.0),(2.4194830511752403E-8, -1.2064778614135802E-8, -1.784119240642198E-6)
(-1913043.4782608696, 113636.36363636373, 0.0),(2.4072728077964608E-8, -1.1973161480523069E-8, -5.002253478894427E-7)
(-1913043.4782608696, 159090.90909090918, 0.0),(2.390532309058889E-8, -1.184769738837369E-8, 4.6122200436334025E-7)
(-1913043.4782608696, 204545.45454545465, 0.0),(2.369466292854163E-8, -1.1690101130313959E-8, 1.2261400873314686E-6)
(-1913043.4782608696, 250000.00000000012, 0.0),(2.3443277880331393E-8, -1.1502487523903517E-8, 1.8579454314246106E-6)
(-1913043.4782608696, 295454.5454545456, 0.0),(2.315411951495925E-8, -1.128731749455683E-8, 2.393128042948891E-6)
(-1913043.4782608696, 340909.09090909106, 0.0),(2.283049065246368E-8, -1.1047336108687932E-8, 2.854644803128883E-6)
(-1913043.4782608696, 386363.6363636365, 0.0),(2.2475970205487525E-8, -1.0785506634836597E-8, 3.2579015495391993E-6)
(-1913043.4782608696, 431818.181818182, 0.0),(2.2094335207922935E-8, -1.0504941934320293E-8, 3.6137579222644522E-6)
(-1913043.4782608696, 477272.72727272747, 0.0),(2.168948322322798E-8, -1.0208837791193207E-8, 3.9301728695330436E-6)
(-1739130.4347826089, -477272.7272727273, 0.0),(2.567078865379295E-8, -1.2008867616125692E-8, 3.989822746010816E-6)
(-1739130.4347826089, -431818.1818181818, 0.0),(2.6256639045968513E-8, -1.2437961060817187E-8, 3.6086933207201514E-6)
(-1739130.4347826089, -386363.63636363635, 0.0),(2.6803577634200263E-8, -1.2840774390776254E-8, 3.17123821777439E-6)
(-1739130.4347826089, -340909.0909090909, 0.0),(2.7304756684109773E-8, -1.3211672710525601E-8, 2.663047381865181E-6)
(-1739130.4347826089, -295454.5454545454, 0.0),(2.775361459017517E-8, -1.3545225698468206E-8, 2.062907192243035E-6)
(-1739130.4347826089, -249999.99999999994, 0.0),(2.814404293256972E-8, -1.3836354629155295E-8, 1.3376111350919992E-6)
(-1739130.4347826089, -204545.45454545447, 0.0),(2.8470550700471273E-8, -1.4080476662363046E-8, 4.3063957062540516E-7)
(-1739130.4347826089, -159090.909090909, 0.0),(2.8728418884099068E-8, -1.4273641256250289E-8, -7.667530124244857E-7)
(-1739130.4347826089, -113636.36363636355, 0.0),(2.891383838920339E-8, -1.4412652840264148E-8, -2.5103825946683745E-6)
(-1739130.4347826089, -68181.81818181809, 0.0),(2.902402484307057E-8, -1.4495173292147296E-8, -5.694955019995156E-6)
(-1739130.4347826089, -22727.272727272633, 0.0),(2.905730416234622E-8, -1.4519844517590226E-8, -1.0141362746402384E-5)
(-1739130.4347826089, 22727.272727272823, 0.0),(2.9013164551875167E-8, -1.448678895851585E-8, -4.185275956701578E-6)
(-1739130.4347826089, 68181.81818181828, 0.0),(2.8892272877305963E-8, -1.439597112980011E-8, -1.7499039133149032E-6)
(-1739130.4347826089, 113636.36363636373, 0.0),(2.869645357121089E-8, -1.4248925158125811E-8, -2.5675426316639536E-7)
(-1739130.4347826089, 159090.90909090918, 0.0),(2.842863202317653E-8, -1.4048110397850761E-8, 8.168856183015212E-7)
(-1739130.4347826089, 204545.45454545465, 0.0),(2.8092744635906842E-8, -1.379683139081964E-8, 1.6505070626955243E-6)
(-1739130.4347826089, 250000.00000000012, 0.0),(2.769362091345861E-8, -1.3499131687084069E-8, 2.3275476122737446E-6)
(-1739130.4347826089, 295454.5454545456, 0.0),(2.723684285523566E-8, -1.3159670138499822E-8, 2.893697937520226E-6)
(-1739130.4347826089, 340909.09090909106, 0.0),(2.6728588740184772E-8, -1.2783582210247442E-8, 3.376749817007847E-6)
(-1739130.4347826089, 386363.6363636365, 0.0),(2.6175467790569093E-8, -1.2376334129232594E-8, 3.7949054119989315E-6)
(-1739130.4347826089, 431818.181818182, 0.0),(2.5898643603867938E-8, -1.2258996452251402E-8, 4.160764599850485E-6)
(-1739130.4347826089, 477272.72727272747, 0.0),(2.561489329604788E-8, -1.2148314821905055E-8, 4.483434982483323E-6)
(-1565217.3913043481, -477272.7272727273, 0.0),(3.161510413897696E-8, -1.498402053916729E-8, 4.925003632976712E-6)
(-1565217.3913043481, -431818.1818181818, 0.0),(3.204165057595596E-8, -1.5147589065453868E-8, 4.5742136548861675E-6)
(-1565217.3913043481, -386363.63636363635, 0.0),(3.240997175072942E-8, -1.5275701685693104E-8, 4.171008304600481E-6)
(-1565217.3913043481, -340909.0909090909, 0.0),(3.323204168230695E-8, -1.588246843997225E-8, 3.702923282891497E-6)
(-1565217.3913043481, -295454.5454545454, 0.0),(3.3974001104396924E-8, -1.6433009836912494E-8, 3.1520405444965648E-6)
(-1565217.3913043481, -249999.99999999994, 0.0),(3.462373995823466E-8, -1.6917252847830514E-8, 2.4911423999469705E-6)
(-1565217.3913043481, -204545.45454545447, 0.0),(3.5170213894635076E-8, -1.732596372688895E-8, 1.6757429612220277E-6)
(-1565217.3913043481, -159090.909090909, 0.0),(3.560381686911501E-8, -1.7651077888641904E-8, 6.252141006090022E-7)
(-1565217.3913043481, -113636.36363636355, 0.0),(3.591672112421168E-8, -1.788600438825839E-8, -8.319124820657508E-7)
(-1565217.3913043481, -68181.81818181809, 0.0),(3.6103163561718487E-8, -1.8025883292230755E-8, -3.183442265780136E-6)
(-1565217.3913043481, -22727.272727272633, 0.0),(3.6159663175071323E-8, -1.8067857647045948E-8, -9.54804662182747E-6)
(-1565217.3913043481, 22727.272727272823, 0.0),(3.608515395758866E-8, -1.8011969171640526E-8, -5.147007824449845E-6)
(-1565217.3913043481, 68181.81818181828, 0.0),(3.5881026276004604E-8, -1.7858378918247803E-8, -1.7925226819396645E-6)
(-1565217.3913043481, 113636.36363636373, 0.0),(3.5551073101058646E-8, -1.7610291927541398E-8, -6.404863862625143E-9)
(-1565217.3913043481, 159090.90909090918, 0.0),(3.510134529947736E-8, -1.7272816077336807E-8, 1.2097555951608382E-6)
(-1565217.3913043481, 204545.45454545465, 0.0),(3.4539924676974135E-8, -1.6852759689513504E-8, 2.125840624561427E-6)
(-1565217.3913043481, 250000.00000000012, 0.0),(3.3876628690307275E-8, -1.635836446530056E-8, 2.8549561695189283E-6)
(-1565217.3913043481, 295454.5454545456, 0.0),(3.31226656348209E-8, -1.579899891169853E-8, 3.4554365389097597E-6)
(-1565217.3913043481, 340909.09090909106, 0.0),(3.263056629898979E-8, -1.552743001050281E-8, 3.961397894450278E-6)
(-1565217.3913043481, 386363.6363636365, 0.0),(3.228633853862489E-8, -1.5430225614061116E-8, 4.394577824688601E-6)
(-1565217.3913043481, 431818.181818182, 0.0),(3.1847183993742034E-8, -1.52561634865282E-8, 4.769724783330694E-6)
(-1565217.3913043481, 477272.72727272747, 0.0),(3.132318201257632E-8, -1.501283610467841E-8, 5.0973418265518015E-6)
(-1391304.3478260874, -477272.7272727273, 0.0),(4.0513076688609944E-8, -1.9447956193451525E-8, 5.931641032886724E-6)
(-1391304.3478260874, -431818.1818181818, 0.0),(4.135977020854481E-8, -1.984314195561564E-8, 5.614057984865342E-6)
(-1391304.3478260874, -386363.63636363635, 0.0),(4.205342400832233E-8, -2.0112965630089286E-8, 5.2472483182644205E-6)
(-1391304.3478260874, -340909.0909090909, 0.0),(4.257377696971057E-8, -2.0242144987106713E-8, 4.820314099081282E-6)
(-1391304.3478260874, -295454.5454545454, 0.0),(4.337657844806534E-8, -2.0705046244411645E-8, 4.317958686465943E-6)
(-1391304.3478260874, -249999.99999999994, 0.0),(4.4519139740977604E-8, -2.155605663626411E-8, 3.7176072992090224E-6)
(-1391304.3478260874, -204545.45454545447, 0.0),(4.548766193107128E-8, -2.2280847621216293E-8, 2.9837060070929913E-6)
(-1391304.3478260874, -159090.909090909, 0.0),(4.626104014606798E-8, -2.286162503450917E-8, 2.055063606527082E-6)
(-1391304.3478260874, -113636.36363636355, 0.0),(4.6821846666365185E-8, -2.328363196388705E-8, 8.116676827877836E-7)
(-1391304.3478260874, -68181.81818181809, 0.0),(4.7157124401322195E-8, -2.353586835372997E-8, -1.0391394649416098E-6)
(-1391304.3478260874, -22727.272727272633, 0.0),(4.725899649208351E-8, -2.3611785040316685E-8, -4.631715123694434E-6)
(-1391304.3478260874, 22727.272727272823, 0.0),(4.712504487750501E-8, -2.351103240145225E-8, -7.68257061078787E-6)
(-1391304.3478260874, 68181.81818181828, 0.0),(4.675842756797149E-8, -2.323446650341982E-8, -2.0120488968898143E-6)
(-1391304.3478260874, 113636.36363636373, 0.0),(4.61677259147603E-8, -2.2789390904708478E-8, 2.278062120706914E-7)
(-1391304.3478260874, 159090.90909090918, 0.0),(4.5366533020541567E-8, -2.2187356960665736E-8, 1.6362827825891837E-6)
(-1391304.3478260874, 204545.45454545465, 0.0),(4.4372816693628396E-8, -2.1443582843891417E-8, 2.655911764380481E-6)
(-1391304.3478260874, 250000.00000000012, 0.0),(4.3208106443517925E-8, -2.0576215678319708E-8, 3.447195215981695E-6)
(-1391304.3478260874, 295454.5454545456, 0.0),(4.281337919281536E-8, -2.0536817000137506E-8, 4.086842217431741E-6)
(-1391304.3478260874, 340909.09090909106, 0.0),(4.226819651155863E-8, -2.0387061650122237E-8, 4.617634089472038E-6)
(-1391304.3478260874, 386363.6363636365, 0.0),(4.1552311782103726E-8, -2.0098624726891074E-8, 5.065966163778865E-6)
(-1391304.3478260874, 431818.181818182, 0.0),(4.068622740171624E-8, -1.968712910198902E-8, 5.4493437995030815E-6)
(-1391304.3478260874, 477272.72727272747, 0.0),(3.969177217880016E-8, -1.9170649352363553E-8, 5.780030059943893E-6)
(-1217391.3043478266, -477272.7272727273, 0.0),(5.419485074704002E-8, -2.622870719420601E-8, 7.0274037057454636E-6)
(-1217391.3043478266, -431818.1818181818, 0.0),(5.593580486925889E-8, -2.7145971557965832E-8, 6.74862819137885E-6)
(-1217391.3043478266, -386363.63636363635, 0.0),(5.743301435309633E-8, -2.7862145165087583E-8, 6.423264944836898E-6)
(-1217391.3043478266, -340909.0909090909, 0.0),(5.8637861818484473E-8, -2.8337716038107808E-8, 6.041668438682419E-6)
(-1217391.3043478266, -295454.5454545454, 0.0),(5.950509393144211E-8, -2.8537762378414038E-8, 5.590648544574803E-6)
(-1217391.3043478266, -249999.99999999994, 0.0),(6.037669216462949E-8, -2.8831681200300237E-8, 5.0513174236686965E-6)
(-1217391.3043478266, -204545.45454545447, 0.0),(6.221975842401857E-8, -3.0212447891285574E-8, 4.394998427258886E-6)
(-1217391.3043478266, -159090.909090909, 0.0),(6.370488322247422E-8, -3.1330664796226154E-8, 3.5746496988391065E-6)
(-1217391.3043478266, -113636.36363636355, 0.0),(6.478922360990569E-8, -3.214972239318533E-8, 2.50422465521836E-6)
(-1217391.3043478266, -68181.81818181809, 0.0),(6.544047300822828E-8, -3.264189342411445E-8, 9.973571202205827E-7)
(-1217391.3043478266, -22727.272727272633, 0.0),(6.563881011955519E-8, -3.279041887136286E-8, -1.4983135099609941E-6)
(-1217391.3043478266, 22727.272727272823, 0.0),(6.537812887506653E-8, -3.259339259106048E-8, -7.775353535280026E-6)
(-1217391.3043478266, 68181.81818181828, 0.0),(6.466642212042413E-8, -3.20541207209957E-8, -2.6956077127848265E-6)
(-1217391.3043478266, 113636.36363636373, 0.0),(6.352528030155257E-8, -3.119120199758218E-8, 3.868101428802976E-7)
(-1217391.3043478266, 159090.90909090918, 0.0),(6.198855649258386E-8, -3.003371498323292E-8, 2.0809242184664422E-6)
(-1217391.3043478266, 204545.45454545465, 0.0),(6.025349371795584E-8, -2.8774636611958164E-8, 3.2400365915255303E-6)
(-1217391.3043478266, 250000.00000000012, 0.0),(5.970985605506887E-8, -2.8834789600233476E-8, 4.109953648671394E-6)
(-1217391.3043478266, 295454.5454545456, 0.0),(5.879408603600344E-8, -2.8594239351431734E-8, 4.7964997418876824E-6)
(-1217391.3043478266, 340909.09090909106, 0.0),(5.754653517059092E-8, -2.8082606770294685E-8, 5.355202009911938E-6)
(-1217391.3043478266, 386363.6363636365, 0.0),(5.601304891446545E-8, -2.7335824755785576E-8, 5.818988989236955E-6)
(-1217391.3043478266, 431818.181818182, 0.0),(5.424251282373469E-8, -2.6392900953433184E-8, 6.209115055066762E-6)
(-1217391.3043478266, 477272.72727272747, 0.0),(5.2284572320153616E-8, -2.529120748924891E-8, 6.540189942340798E-6)
(-1043478.2608695658, -477272.7272727273, 0.0),(7.592074224027224E-8, -3.668599998824911E-8, 8.23342052334194E-6)
(-1043478.2608695658, -431818.1818181818, 0.0),(7.96772408262527E-8, -3.8839080281136343E-8, 8.0033396069627E-6)
(-1043478.2608695658, -386363.63636363635, 0.0),(8.306685171241396E-8, -4.0676601163962056E-8, 7.729010558521185E-6)
(-1043478.2608695658, -340909.0909090909, 0.0),(8.596539025637706E-8, -4.210217744546523E-8, 7.401734220072508E-6)
(-1043478.2608695658, -295454.5454545454, 0.0),(8.824977823857157E-8, -4.301797037571027E-8, 7.009977498909869E-6)
(-1043478.2608695658, -249999.99999999994, 0.0),(8.980566936889826E-8, -4.333322944684077E-8, 6.537793291898066E-6)
(-1043478.2608695658, -204545.45454545447, 0.0),(9.117229202066658E-8, -4.36505536644344E-8, 5.961929569657571E-6)
(-1043478.2608695658, -159090.909090909, 0.0),(9.430820492490094E-8, -4.6022842672806393E-8, 5.246079345864288E-6)
(-1043478.2608695658, -113636.36363636355, 0.0),(9.662152465306752E-8, -4.778201334221852E-8, 4.328062177611365E-6)
(-1043478.2608695658, -68181.81818181809, 0.0),(9.802027804432602E-8, -4.884762041521975E-8, 3.08607701395718E-6)
(-1043478.2608695658, -22727.272727272633, 0.0),(9.844725360843742E-8, -4.917005810857212E-8, 1.2222327487753862E-6)
(-1043478.2608695658, 22727.272727272823, 0.0),(9.788473968091082E-8, -4.87410620953493E-8, -2.2895783356669E-6)
(-1043478.2608695658, 68181.81818181828, 0.0),(9.635601778875224E-8, -4.757337917280291E-8, -4.486733064794409E-6)
(-1043478.2608695658, 113636.36363636373, 0.0),(9.392340418196327E-8, -4.572185425060637E-8, 3.0050409604117703E-7)
(-1043478.2608695658, 159090.90909090918, 0.0),(9.079158742533362E-8, -4.3383966056925493E-8, 2.4947338217986523E-6)
(-1043478.2608695658, 204545.45454545465, 0.0),(8.994302118277327E-8, -4.364167080505632E-8, 3.864230861780419E-6)
(-1043478.2608695658, 250000.00000000012, 0.0),(8.82807688615669E-8, -4.323649521603684E-8, 4.843279292047981E-6)
(-1043478.2608695658, 295454.5454545456, 0.0),(8.590494032577477E-8, -4.224232049016789E-8, 5.590731920791595E-6)
(-1043478.2608695658, 340909.09090909106, 0.0),(8.29315315906685E-8, -4.07525323046061E-8, 6.183067697551466E-6)
(-1043478.2608695658, 386363.6363636365, 0.0),(7.948417344219046E-8, -3.886394027176923E-8, 6.663303327779563E-6)
(-1043478.2608695658, 431818.181818182, 0.0),(7.568665122813247E-8, -3.667369935282055E-8, 7.058255494532002E-6)
(-1043478.2608695658, 477272.72727272747, 0.0),(7.165672740949382E-8, -3.427745651316913E-8, 7.38592698946123E-6)
(-869565.2173913049, -477272.7272727273, 0.0),(1.1129834949850385E-7, -5.257358747293282E-8, 9.573396541958632E-6)
(-869565.2173913049, -431818.1818181818, 0.0),(1.1988974159319172E-7, -5.777598407089149E-8, 9.409036678916715E-6)
(-869565.2173913049, -386363.63636363635, 0.0),(1.2807939771539892E-7, -6.260540606451919E-8, 9.203039176167108E-6)
(-869565.2173913049, -340909.0909090909, 0.0),(1.3553403212163725E-7, -6.678441091280663E-8, 8.947272338442307E-6)
(-869565.2173913049, -295454.5454545454, 0.0),(1.4189148493865387E-7, -7.001766736698124E-8, 8.631349722769366E-6)
(-869565.2173913049, -249999.99999999994, 0.0),(1.467845178240648E-7, -7.201218919257837E-8, 8.241527831996442E-6)
(-869565.2173913049, -204545.45454545447, 0.0),(1.498714690854049E-7, -7.248765188776704E-8, 7.758758402137677E-6)
(-869565.2173913049, -159090.909090909, 0.0),(1.5315771745090428E-7, -7.371549900852476E-8, 7.154995726949565E-6)
(-869565.2173913049, -113636.36363636355, 0.0),(1.5879091813831199E-7, -7.805540963703215E-8, 6.385519927090609E-6)
(-869565.2173913049, -68181.81818181809, 0.0),(1.6223344867312208E-7, -8.071951623620941E-8, 5.370781580978177E-6)
(-869565.2173913049, -22727.272727272633, 0.0),(1.6328694544258277E-7, -8.152804970037705E-8, 3.944173797170958E-6)
(-869565.2173913049, 22727.272727272823, 0.0),(1.618895667927503E-7, -8.044281896041773E-8, 1.6750644796522624E-6)
(-869565.2173913049, 68181.81818181828, 0.0),(1.5812329992294533E-7, -7.751993341388082E-8, -1.4674131470171436E-6)
(-869565.2173913049, 113636.36363636373, 0.0),(1.5220429006704337E-7, -7.295765734168331E-8, -6.013915339969112E-7)
(-869565.2173913049, 159090.90909090918, 0.0),(1.4986811526080165E-7, -7.285245662017191E-8, 2.7184010355029213E-6)
(-869565.2173913049, 204545.45454545465, 0.0),(1.4650853920018253E-7, -7.214012259343941E-8, 4.472987547501501E-6)
(-869565.2173913049, 250000.00000000012, 0.0),(1.4138872725098297E-7, -6.994528180778891E-8, 5.6283157486278665E-6)
(-869565.2173913049, 295454.5454545456, 0.0),(1.3485575972629242E-7, -6.655675891987699E-8, 6.466310485949619E-6)
(-869565.2173913049, 340909.09090909106, 0.0),(1.2727765421252207E-7, -6.226470173867872E-8, 7.104744599471893E-6)
(-869565.2173913049, 386363.6363636365, 0.0),(1.1901356903210776E-7, -5.7364557368443376E-8, 7.604743112518872E-6)
(-869565.2173913049, 431818.181818182, 0.0),(1.1039112194195686E-7, -5.212874908007204E-8, 8.002533952825464E-6)
(-869565.2173913049, 477272.72727272747, 0.0),(1.0275190522360432E-7, -4.7891923223750696E-8, 8.321634935700029E-6)
(-695652.173913044, -477272.7272727273, 0.0),(1.8111755688555365E-7, -8.716611971920498E-8, 1.1068237761297392E-5)
(-695652.173913044, -431818.1818181818, 0.0),(1.953920614136955E-7, -9.297263860964728E-8, 1.099890239262342E-5)
(-695652.173913044, -386363.63636363635, 0.0),(2.1102698797899823E-7, -9.996489690306918E-8, 1.0892449399097994E-5)
(-695652.173913044, -340909.0909090909, 0.0),(2.3202860847370881E-7, -1.1277118200670582E-7, 1.0740770959695309E-5)
(-695652.173913044, -295454.5454545454, 0.0),(2.5154913912107833E-7, -1.2419210549531815E-7, 1.0533848735214773E-5)
(-695652.173913044, -249999.99999999994, 0.0),(2.6828515478690544E-7, -1.3308618969092877E-7, 1.0259061574101687E-5)
(-695652.173913044, -204545.45454545447, 0.0),(2.808549178762533E-7, -1.3829486184811157E-7, 9.900018586294653E-6)
(-695652.173913044, -159090.909090909, 0.0),(2.8795976368773737E-7, -1.3868957569442967E-7, 9.434443190501108E-6)
(-695652.173913044, -113636.36363636355, 0.0),(2.9834136176722733E-7, -1.4482660653413144E-7, 8.830023612784688E-6)
(-695652.173913044, -68181.81818181809, 0.0),(3.0863366870607306E-7, -1.530757387161856E-7, 8.03545563052231E-6)
(-695652.173913044, -22727.272727272633, 0.0),(3.1179029783707717E-7, -1.555873916146131E-7, 6.958322699493239E-6)
(-695652.173913044, 22727.272727272823, 0.0),(3.0753171617081106E-7, -1.521388231313511E-7, 5.407439418851949E-6)
(-695652.173913044, 68181.81818181828, 0.0),(2.9623610410747335E-7, -1.4305579343525386E-7, 3.2434288673538183E-6)
(-695652.173913044, 113636.36363636373, 0.0),(2.876292929859393E-7, -1.3938564406054116E-7, 1.2665168501943161E-6)
(-695652.173913044, 159090.90909090918, 0.0),(2.7963999431645136E-7, -1.381709214260799E-7, 2.2614821442165477E-6)
(-695652.173913044, 204545.45454545465, 0.0),(2.663724952830617E-7, -1.3230552967975877E-7, 4.859473560978862E-6)
(-695652.173913044, 250000.00000000012, 0.0),(2.491472704717772E-7, -1.2294461537149645E-7, 6.380527634128707E-6)
(-695652.173913044, 295454.5454545456, 0.0),(2.2934092139068634E-7, -1.1124253953551247E-7, 7.386651347627265E-6)
(-695652.173913044, 340909.09090909106, 0.0),(2.0823227744806E-7, -9.832031302022058E-8, 8.103883397074245E-6)
(-695652.173913044, 386363.6363636365, 0.0),(1.9391534883485144E-7, -9.277753107765368E-8, 8.634954446495351E-6)
(-695652.173913044, 431818.181818182, 0.0),(1.795176847806324E-7, -8.675022506387646E-8, 9.035625205874042E-6)
(-695652.173913044, 477272.72727272747, 0.0),(1.6464129255189816E-7, -7.968967048649893E-8, 9.340049701809034E-6)
(-521739.1304347832, -477272.7272727273, 0.0),(3.1239897249979157E-7, -1.513980567645669E-7, 1.2716350635918354E-5)
(-521739.1304347832, -431818.1818181818, 0.0),(3.5828626791145327E-7, -1.7580716688422336E-7, 1.2791720061438911E-5)
(-521739.1304347832, -386363.63636363635, 0.0),(4.064860261253523E-7, -1.9972398257641273E-7, 1.2841470574200406E-5)
(-521739.1304347832, -340909.0909090909, 0.0),(4.5440903012626003E-7, -2.201762703778018E-7, 1.2857083248176208E-5)
(-521739.1304347832, -295454.5454545454, 0.0),(5.006024476407084E-7, -2.3615084734399833E-7, 1.282777830018449E-5)
(-521739.1304347832, -249999.99999999994, 0.0),(5.676791724134251E-7, -2.779729358068906E-7, 1.2740022497513384E-5)
(-521739.1304347832, -204545.45454545447, 0.0),(6.267851889562193E-7, -3.1169207957125864E-7, 1.2576913748598246E-5)
(-521739.1304347832, -159090.909090909, 0.0),(6.705373908679647E-7, -3.2990867626924306E-7, 1.2317290964647374E-5)
(-521739.1304347832, -113636.36363636355, 0.0),(6.917403846050889E-7, -3.2545644417096833E-7, 1.1934164768556512E-5)
(-521739.1304347832, -68181.81818181809, 0.0),(7.309452970096652E-7, -3.594794670352102E-7, 1.139145271221999E-5)
(-521739.1304347832, -22727.272727272633, 0.0),(7.436620758622519E-7, -3.706604298816502E-7, 1.0636398834339056E-5)
(-521739.1304347832, 22727.272727272823, 0.0),(7.256311353269084E-7, -3.542108662492576E-7, 9.582811408018557E-6)
(-521739.1304347832, 68181.81818181828, 0.0),(6.904637057332161E-7, -3.292850372968747E-7, 8.151926367991594E-6)
(-521739.1304347832, 113636.36363636373, 0.0),(6.649517623111981E-7, -3.289331544607807E-7, 6.387466101017614E-6)
(-521739.1304347832, 159090.90909090918, 0.0),(6.181423583654457E-7, -3.0723522607298347E-7, 4.799500442258642E-6)
(-521739.1304347832, 204545.45454545465, 0.0),(5.573261218266629E-7, -2.7153375001500047E-7, 4.833386157880774E-6)
(-521739.1304347832, 250000.00000000012, 0.0),(4.922500807664695E-7, -2.3249015289815404E-7, 6.7423775520368475E-6)
(-521739.1304347832, 295454.5454545456, 0.0),(4.475583772379564E-7, -2.1805693739008407E-7, 8.196156984128487E-6)
(-521739.1304347832, 340909.09090909106, 0.0),(3.99460740886251E-7, -1.9671125115910493E-7, 9.09853245141174E-6)
(-521739.1304347832, 386363.6363636365, 0.0),(3.5156733779052446E-7, -1.7254534516718905E-7, 9.7022689291756E-6)
(-521739.1304347832, 431818.181818182, 0.0),(3.0626769527295505E-7, -1.4825945261506313E-7, 1.0117060260337217E-5)
(-521739.1304347832, 477272.72727272747, 0.0),(2.6492699455810787E-7, -1.254772361214124E-7, 1.0403555128522208E-5)
(-347826.0869565223, -477272.7272727273, 0.0),(5.620769280159028E-7, -2.7464474099000413E-7, 1.4433355118156138E-5)
(-347826.0869565223, -431818.1818181818, 0.0),(6.815203296504078E-7, -3.289429801951098E-7, 1.472836477464449E-5)
(-347826.0869565223, -386363.63636363635, 0.0),(8.233734236908447E-7, -3.830898159142734E-7, 1.5030863608242564E-5)
(-347826.0869565223, -340909.0909090909, 0.0),(1.0324480255687946E-6, -4.988251822763066E-7, 1.5335280081484773E-5)
(-347826.0869565223, -295454.5454545454, 0.0),(1.2857169773191124E-6, -6.374309935512175E-7, 1.5632146474447062E-5)
(-347826.0869565223, -249999.99999999994, 0.0),(1.5686799052719098E-6, -7.656050158120855E-7, 1.5906257905407944E-5)
(-347826.0869565223, -204545.45454545447, 0.0),(1.8659133815501989E-6, -8.5223230837242E-7, 1.6134468786010446E-5)
(-347826.0869565223, -159090.909090909, 0.0),(2.2477673320625267E-6, -1.112258989467179E-6, 1.6283630096278938E-5)
(-347826.0869565223, -113636.36363636355, 0.0),(2.548760694964149E-6, -1.218668124114899E-6, 1.6309744200263584E-5)
(-347826.0869565223, -68181.81818181809, 0.0),(2.749728355740069E-6, -1.291136261776252E-6, 1.615969815434437E-5)
(-347826.0869565223, -22727.272727272633, 0.0),(2.8370132154718565E-6, -1.4047961590408706E-6, 1.577572690656987E-5)
(-347826.0869565223, 22727.272727272823, 0.0),(2.6811506388548516E-6, -1.1694072827941734E-6, 1.5099530695154021E-5)
(-347826.0869565223, 68181.81818181828, 0.0),(2.4793188099451643E-6, -1.2239298906859259E-6, 1.4084626986059596E-5)
(-347826.0869565223, 113636.36363636373, 0.0),(2.1542286632179585E-6, -1.046902659890111E-6, 1.2705274616038747E-5)
(-347826.0869565223, 159090.90909090918, 0.0),(1.789643406450831E-6, -8.269234090522196E-7, 1.0974290772599919E-5)
(-347826.0869565223, 204545.45454545465, 0.0),(1.5057508396639412E-6, -7.436986131962618E-7, 9.087197579254814E-6)
(-347826.0869565223, 250000.00000000012, 0.0),(1.2315261956627948E-6, -6.086127336126632E-7, 7.82883578022372E-6)
(-347826.0869565223, 295454.5454545456, 0.0),(9.88654335451216E-7, -4.7332737804993326E-7, 8.325833968707068E-6)
(-347826.0869565223, 340909.09090909106, 0.0),(7.967330575307608E-7, -3.7545180302372075E-7, 9.795268573388196E-6)
(-347826.0869565223, 386363.6363636365, 0.0),(6.599270107399081E-7, -3.2024922221216567E-7, 1.063964593027742E-5)
(-347826.0869565223, 431818.181818182, 0.0),(5.448798908257348E-7, -2.667272161736523E-7, 1.112541587351618E-5)
(-347826.0869565223, 477272.72727272747, 0.0),(4.4989730439482565E-7, -2.195273513440651E-7, 1.140810089395904E-5)
(-173913.04347826145, -477272.7272727273, 0.0),(9.452013813561884E-7, -4.605096028155711E-7, 1.5913665000014068E-5)
(-173913.04347826145, -431818.1818181818, 0.0),(1.2690620341071367E-6, -6.077579575730335E-7, 1.6487616892767002E-5)
(-173913.04347826145, -386363.63636363635, 0.0),(1.7609331569741412E-6, -8.003757348571317E-7, 1.7148056723806888E-5)
(-173913.04347826145, -340909.0909090909, 0.0),(2.631633698437709E-6, -1.2281876019621748E-6, 1.791966784322787E-5)
(-173913.04347826145, -295454.5454545454, 0.0),(4.333251177052854E-6, -2.1420593873265803E-6, 1.884160372940318E-5)
(-173913.04347826145, -249999.99999999994, 0.0),(1.6282998564599238E-5, 4.078682376794453E-6, 2.0017632697601005E-5)
(-173913.04347826145, -204545.45454545447, 0.0),(1.6145007553172838E-4, 1.1791985391023071E-4, 2.078479331301165E-5)
(-173913.04347826145, -159090.909090909, 0.0),(3.261182878260228E-4, 2.9188729676469876E-4, 2.122473209585788E-5)
(-173913.04347826145, -113636.36363636355, 0.0),(4.052629850482108E-4, 3.21248181311556E-4, 2.102552899803775E-5)
(-173913.04347826145, -68181.81818181809, 0.0),(7.612163131077615E-4, 7.235188048877701E-4, 2.214677304441553E-5)
(-173913.04347826145, -22727.272727272633, 0.0),(5.163781627768361E-4, 4.570115517033577E-4, 1.9659071155908767E-5)
(-173913.04347826145, 22727.272727272823, 0.0),(8.321915799618135E-4, 4.996995060251306E-4, 2.200312952454465E-5)
(-173913.04347826145, 68181.81818181828, 0.0),(2.6998593804939075E-4, 2.1281831452757278E-4, 2.049731114496779E-5)
(-173913.04347826145, 113636.36363636373, 0.0),(2.628732524547307E-4, 2.3754668728699158E-4, 2.030860367686097E-5)
(-173913.04347826145, 159090.90909090918, 0.0),(5.139951864938985E-5, 3.3254795793648294E-5, 1.919085365793905E-5)
(-173913.04347826145, 204545.45454545465, 0.0),(5.993602178241696E-6, -2.9839397143180577E-6, 1.617950897455428E-5)
(-173913.04347826145, 250000.00000000012, 0.0),(3.566803257643169E-6, -1.715465624893364E-6, 1.3219415413322592E-5)
(-173913.04347826145, 295454.5454545456, 0.0),(2.331458482787389E-6, -1.0659380710510625E-6, 1.0699896235079866E-5)
(-173913.04347826145, 340909.09090909106, 0.0),(1.6247438868117797E-6, -7.565030875515651E-7, 9.956126335121308E-6)
(-173913.04347826145, 386363.6363636365, 0.0),(1.1913826429120076E-6, -5.749677280707834E-7, 1.1092641371655064E-5)
(-173913.04347826145, 431818.181818182, 0.0),(8.969857358720058E-7, -4.380417880579124E-7, 1.182257889843406E-5)
(-173913.04347826145, 477272.72727272747, 0.0),(6.900528849937839E-7, -3.3730560948540705E-7, 1.2153382683586904E-5)
(-5.820766091346741E-10, -477272.7272727273, 0.0),(1.1952474588881515E-6, -5.891352190804711E-7, 1.654208122287301E-5)
(-5.820766091346741E-10, -431818.1818181818, 0.0),(1.7215354204213215E-6, -8.520557984252346E-7, 1.7272420863168192E-5)
(-5.820766091346741E-10, -386363.63636363635, 0.0),(2.68006559103397E-6, -1.3311922764654857E-6, 1.815889730976482E-5)
(-5.820766091346741E-10, -340909.0909090909, 0.0),(5.008701059206446E-6, -2.4976386856097304E-6, 1.928817614464017E-5)
(-5.820766091346741E-10, -295454.5454545454, 0.0),(9.761251295813038E-4, 7.650324409873563E-4, 2.28782569845982E-5)
(-5.820766091346741E-10, -249999.99999999994, 0.0),(0.004930652484095354, 0.0032177963890659715, 3.6167655635685474E-5)
(-5.820766091346741E-10, -204545.45454545447, 0.0),(0.0019584520428253967, 0.001234058888149366, 2.931942816689679E-5)
(-5.820766091346741E-10, -159090.909090909, 0.0),(0.0041036313004395855, 0.002863594046126644, 3.559832367111923E-5)
(-5.820766091346741E-10, -113636.36363636355, 0.0),(0.015375213423485717, 0.010562140629675951, 5.15089055173831E-5)
(-5.820766091346741E-10, -68181.81818181809, 0.0),(0.01243054559928424, 0.008936140004693586, 4.825247670674306E-5)
(-5.820766091346741E-10, -22727.272727272633, 0.0),(0.014759965479074131, 0.01010584511422122, 5.460385516591719E-5)
(-5.820766091346741E-10, 22727.272727272823, 0.0),(0.0034973246628575865, 0.002206435318273076, 4.133480043663862E-5)
(-5.820766091346741E-10, 68181.81818181828, 0.0),(0.004913958409167902, 0.00341082957959086, 4.07064622265986E-5)
(-5.820766091346741E-10, 113636.36363636373, 0.0),(0.0023260072206862737, 0.0015574806241539319, 3.167762440862398E-5)
(-5.820766091346741E-10, 159090.90909090918, 0.0),(0.0027767645214298894, 0.0024613124926171925, 3.066210868342112E-5)
(-5.820766091346741E-10, 204545.45454545465, 0.0),(7.602896563930053E-4, 4.6676782893214676E-4, 2.2149939381896632E-5)
(-5.820766091346741E-10, 250000.00000000012, 0.0),(7.655389481104178E-6, -3.824493778723849E-6, 1.67835330593913E-5)
(-5.820766091346741E-10, 295454.5454545456, 0.0),(3.7990271119340907E-6, -1.8905766187686E-6, 1.3109458517159002E-5)
(-5.820766091346741E-10, 340909.09090909106, 0.0),(2.339660970194693E-6, -1.1608438651013642E-6, 1.0801894105798678E-5)
(-5.820766091346741E-10, 386363.6363636365, 0.0),(1.5729423250756897E-6, -7.777640561281916E-7, 1.1063850157846852E-5)
(-5.820766091346741E-10, 431818.181818182, 0.0),(1.1168102979785386E-6, -5.499380547016985E-7, 1.2041871385500135E-5)
(-5.820766091346741E-10, 477272.72727272747, 0.0),(8.244728593125125E-7, -4.0394310395406724E-7, 1.2427667092619505E-5)
(173913.04347826028, -477272.7272727273, 0.0),(9.454117994139725E-7, -4.606751067531646E-7, 1.5909914010832386E-5)
(173913.04347826028, -431818.1818181818, 0.0),(1.269267893886826E-6, -6.078986216527439E-7, 1.6484148959855562E-5)
(173913.04347826028, -386363.63636363635, 0.0),(1.7611224052833093E-6, -8.004600448202556E-7, 1.7145193448145726E-5)
(173913.04347826028, -340909.0909090909, 0.0),(2.631877542679684E-6, -1.2285735169830197E-6, 1.791752031488383E-5)
(173913.04347826028, -295454.5454545454, 0.0),(4.333180188675843E-6, -2.142254329240049E-6, 1.88401446391301E-5)
(173913.04347826028, -249999.99999999994, 0.0),(1.6242572665372142E-5, 4.033489762828026E-6, 2.001672379057416E-5)
(173913.04347826028, -204545.45454545447, 0.0),(1.5680409981547479E-4, 1.1222505437103621E-4, 2.0765881654837087E-5)
(173913.04347826028, -159090.909090909, 0.0),(3.231143109307469E-4, 2.894412915327244E-4, 2.1181325893200192E-5)
(173913.04347826028, -113636.36363636355, 0.0),(4.073713111617888E-4, 3.233076728589548E-4, 2.1020508692932197E-5)
(173913.04347826028, -68181.81818181809, 0.0),(7.344778245539217E-4, 7.019032953451109E-4, 2.1563416903712453E-5)
(173913.04347826028, -22727.272727272633, 0.0),(5.16868153707991E-4, 4.573878599947339E-4, 1.9681508904960924E-5)
(173913.04347826028, 22727.272727272823, 0.0),(8.726603782856126E-4, 5.651905715254291E-4, 2.211237905714437E-5)
(173913.04347826028, 68181.81818181828, 0.0),(2.7289078857260687E-4, 2.1271796547715289E-4, 2.0465898161932667E-5)
(173913.04347826028, 113636.36363636373, 0.0),(2.6591987897576694E-4, 2.4129339050460826E-4, 2.0375979375051036E-5)
(173913.04347826028, 159090.90909090918, 0.0),(5.355696402089165E-5, 3.6267237770009977E-5, 1.919482082815099E-5)
(173913.04347826028, 204545.45454545465, 0.0),(5.993579753752626E-6, -2.9836279054445356E-6, 1.6183424573384914E-5)
(173913.04347826028, 250000.00000000012, 0.0),(3.566442904716338E-6, -1.7149146300591955E-6, 1.3228712060197145E-5)
(173913.04347826028, 295454.5454545456, 0.0),(2.3310010091220112E-6, -1.0653350232845483E-6, 1.0718211260091955E-5)
(173913.04347826028, 340909.09090909106, 0.0),(1.6243828490708122E-6, -7.561835340565174E-7, 9.976144588051036E-6)
(173913.04347826028, 386363.6363636365, 0.0),(1.1910112474807386E-6, -5.745937264127996E-7, 1.1103733154501622E-5)
(173913.04347826028, 431818.181818182, 0.0),(8.966062217075167E-7, -4.376364992214091E-7, 1.1829072014908685E-5)
(173913.04347826028, 477272.72727272747, 0.0),(6.896657547214386E-7, -3.3688050795506387E-7, 1.2157550466858257E-5)
(347826.08695652115, -477272.7272727273, 0.0),(5.624769679171904E-7, -2.74978184786E-7, 1.4426730876887885E-5)
(347826.08695652115, -431818.1818181818, 0.0),(6.819260798091009E-7, -3.292763389106805E-7, 1.472213708421753E-5)
(347826.08695652115, -386363.63636363635, 0.0),(8.237853510174183E-7, -3.834197481466074E-7, 1.5025337218419429E-5)
(347826.08695652115, -340909.0909090909, 0.0),(1.0329108747115654E-6, -4.992394980079073E-7, 1.533059477982026E-5)
(347826.08695652115, -295454.5454545454, 0.0),(1.2861716076261415E-6, -6.378486360748466E-7, 1.562833543848038E-5)
(347826.08695652115, -249999.99999999994, 0.0),(1.5691258830954226E-6, -7.660343189273485E-7, 1.5903293528179634E-5)
(347826.08695652115, -204545.45454545447, 0.0),(1.866257220793173E-6, -8.524518807476672E-7, 1.6132297154122964E-5)
(347826.08695652115, -159090.909090909, 0.0),(2.2480916444879434E-6, -1.1125340551358943E-6, 1.6282197528763187E-5)
(347826.08695652115, -113636.36363636355, 0.0),(2.5490754382684365E-6, -1.2190688649171398E-6, 1.6309021293702284E-5)
(347826.08695652115, -68181.81818181809, 0.0),(2.7498604323676358E-6, -1.291035664404446E-6, 1.615970918643622E-5)
(347826.08695652115, -22727.272727272633, 0.0),(2.8371382545967622E-6, -1.4049081871442366E-6, 1.5776597245864072E-5)
(347826.08695652115, 22727.272727272823, 0.0),(2.681259943689712E-6, -1.1696970612284012E-6, 1.5101578551148865E-5)
(347826.08695652115, 68181.81818181828, 0.0),(2.4791938670425776E-6, -1.2236423435100752E-6, 1.4088555212774405E-5)
(347826.08695652115, 113636.36363636373, 0.0),(2.1540631058159055E-6, -1.046722194521601E-6, 1.2712569224352374E-5)
(347826.08695652115, 159090.90909090918, 0.0),(1.78926104278215E-6, -8.263566060200254E-7, 1.0987975251546626E-5)
(347826.08695652115, 204545.45454545465, 0.0),(1.5053334837138781E-6, -7.431584192317441E-7, 9.112056327405515E-6)
(347826.08695652115, 250000.00000000012, 0.0),(1.231077680199271E-6, -6.080800064595801E-7, 7.863876858134856E-6)
(347826.08695652115, 295454.5454545456, 0.0),(9.881792814697122E-7, -4.7279064711754393E-7, 8.352030727128746E-6)
(347826.08695652115, 340909.09090909106, 0.0),(7.961831429480156E-7, -3.7482140164833545E-7, 9.811487816303412E-6)
(347826.08695652115, 386363.6363636365, 0.0),(6.593635323189892E-7, -3.196035746783695E-7, 1.0652305871436151E-5)
(347826.08695652115, 431818.181818182, 0.0),(5.443032647759022E-7, -2.6606750421473736E-7, 1.1134097775734865E-5)
(347826.08695652115, 477272.72727272747, 0.0),(4.493079938583466E-7, -2.1885466921845774E-7, 1.1414092431070448E-5)
(521739.130434782, -477272.7272727273, 0.0),(3.129106307479571E-7, -1.5180668058006003E-7, 1.2706710359994846E-5)
(521739.130434782, -431818.1818181818, 0.0),(3.5880469107876473E-7, -1.7622358117235264E-7, 1.2781987961250133E-5)
(521739.130434782, -386363.63636363635, 0.0),(4.0701137862913755E-7, -2.0014845420095418E-7, 1.2832140576859534E-5)
(521739.130434782, -340909.0909090909, 0.0),(4.5494180997209733E-7, -2.206096367663697E-7, 1.2848476410237613E-5)
(521739.130434782, -295454.5454545454, 0.0),(5.010599511921641E-7, -2.3648622496694048E-7, 1.2820099955330502E-5)
(521739.130434782, -249999.99999999994, 0.0),(5.681369391608681E-7, -2.783181114637908E-7, 1.2733412553585866E-5)
(521739.130434782, -204545.45454545447, 0.0),(6.272433796473968E-7, -3.1205134747058806E-7, 1.2571492924156647E-5)
(521739.130434782, -159090.909090909, 0.0),(6.709965331271647E-7, -3.3028632563672116E-7, 1.2313208935457833E-5)
(521739.130434782, -113636.36363636355, 0.0),(6.922012016609345E-7, -3.2585620818037296E-7, 1.1931662066975111E-5)
(521739.130434782, -68181.81818181809, 0.0),(7.311626597942599E-7, -3.595630249196943E-7, 1.1390962118176972E-5)
(521739.130434782, -22727.272727272633, 0.0),(7.438718646467532E-7, -3.7076893418667645E-7, 1.063875190758268E-5)
(521739.130434782, 22727.272727272823, 0.0),(7.258332111297531E-7, -3.5434506737492113E-7, 9.589754221967162E-6)
(521739.130434782, 68181.81818181828, 0.0),(6.903494356532122E-7, -3.2900459997562377E-7, 8.167435217669515E-6)
(521739.130434782, 113636.36363636373, 0.0),(6.648238254526887E-7, -3.2867024308367433E-7, 6.419915759529301E-6)
(521739.130434782, 159090.90909090918, 0.0),(6.180006377763814E-7, -3.0698628313589695E-7, 4.857378400530356E-6)
(521739.130434782, 204545.45454545465, 0.0),(5.571710477828176E-7, -2.7129394222646744E-7, 4.89219637064696E-6)
(521739.130434782, 250000.00000000012, 0.0),(4.918156043601625E-7, -2.3191191192336622E-7, 6.773319657166158E-6)
(521739.130434782, 295454.5454545456, 0.0),(4.4711025112528813E-7, -2.1747761084455503E-7, 8.21870707275602E-6)
(521739.130434782, 340909.09090909106, 0.0),(3.98999167679425E-7, -1.9612841508817845E-7, 9.115580067194177E-6)
(521739.130434782, 386363.6363636365, 0.0),(3.5109271689908117E-7, -1.7195696285849333E-7, 9.71424414236012E-6)
(521739.130434782, 431818.181818182, 0.0),(3.0578053572061255E-7, -1.4766392658442233E-7, 1.0125619415116872E-5)
(521739.130434782, 477272.72727272747, 0.0),(2.6442784309916406E-7, -1.2487342363432427E-7, 1.0409704743188528E-5)
(695652.1739130429, -477272.7272727273, 0.0),(1.8167143242891376E-7, -8.757538210657041E-8, 1.1056141699409148E-5)
(695652.1739130429, -431818.1818181818, 0.0),(1.9595482532589483E-7, -9.33906811740497E-8, 1.0985806899479618E-5)
(695652.1739130429, -386363.63636363635, 0.0),(2.1154430471723833E-7, -1.0033153639882532E-7, 1.0878822735386424E-5)
(695652.1739130429, -340909.0909090909, 0.0),(2.3254982890570632E-7, -1.1314416648587057E-7, 1.07272501040352E-5)
(695652.1739130429, -295454.5454545454, 0.0),(2.5207424941035905E-7, -1.245722279273845E-7, 1.05209307356082E-5)
(695652.1739130429, -249999.99999999994, 0.0),(2.6881423270690785E-7, -1.3347424931966293E-7, 1.0247166543608515E-5)
(695652.1739130429, -204545.45454545447, 0.0),(2.8138812549539927E-7, -1.3869192034719752E-7, 9.889559327088554E-6)
(695652.1739130429, -159090.909090909, 0.0),(2.884973238548029E-7, -1.3909647953260384E-7, 9.425915790339436E-6)
(695652.1739130429, -113636.36363636355, 0.0),(2.9863594758493723E-7, -1.449583697071511E-7, 8.824153035713493E-6)
(695652.1739130429, -68181.81818181809, 0.0),(3.0892545017039234E-7, -1.532138698608618E-7, 8.033487266881928E-6)
(695652.1739130429, -22727.272727272633, 0.0),(3.120792730054704E-7, -1.557327171856379E-7, 6.962755104664174E-6)
(695652.1739130429, 22727.272727272823, 0.0),(3.078179459352878E-7, -1.5229173919569752E-7, 5.424466250649303E-6)
(695652.1739130429, 68181.81818181828, 0.0),(2.965197106778181E-7, -1.4321598223752703E-7, 3.2912679241208816E-6)
(695652.1739130429, 113636.36363636373, 0.0),(2.8755837593198585E-7, -1.3914556013698123E-7, 1.3727160396114357E-6)
(695652.1739130429, 159090.90909090918, 0.0),(2.7956053875816753E-7, -1.3793235236323597E-7, 2.350956360925387E-6)
(695652.1739130429, 204545.45454545465, 0.0),(2.662845595037637E-7, -1.3206780912990077E-7, 4.905498124895756E-6)
(695652.1739130429, 250000.00000000012, 0.0),(2.490510030935882E-7, -1.227067375387874E-7, 6.4111623060529726E-6)
(695652.1739130429, 295454.5454545456, 0.0),(2.292365521433227E-7, -1.110033489958851E-7, 7.407428541440994E-6)
(695652.1739130429, 340909.09090909106, 0.0),(2.0812009902974896E-7, -9.807864673531036E-8, 8.118682391538749E-6)
(695652.1739130429, 386363.6363636365, 0.0),(1.9347400390047952E-7, -9.217643578596823E-8, 8.645755448129921E-6)
(695652.1739130429, 431818.181818182, 0.0),(1.7906570774213805E-7, -8.614234937887816E-8, 9.043558538148462E-6)
(695652.1739130429, 477272.72727272747, 0.0),(1.6417876791959565E-7, -7.907443291286147E-8, 9.345822715512344E-6)
(869565.2173913037, -477272.7272727273, 0.0),(1.1187038771370899E-7, -5.2960336915137235E-8, 9.55892065750771E-6)
(869565.2173913037, -431818.1818181818, 0.0),(1.2046671284824535E-7, -5.8168493537746685E-8, 9.393369387930106E-6)
(869565.2173913037, -386363.63636363635, 0.0),(1.2866129170464482E-7, -6.300389382434567E-8, 9.185995809920366E-6)
(869565.2173913037, -340909.0909090909, 0.0),(1.3612086580320952E-7, -6.718913716341726E-8, 8.928867574808777E-6)
(869565.2173913037, -295454.5454545454, 0.0),(1.4248330379306428E-7, -7.042882749319415E-8, 8.612433283655428E-6)
(869565.2173913037, -249999.99999999994, 0.0),(1.4738139319539765E-7, -7.243017814386297E-8, 8.222943314362561E-6)
(869565.2173913037, -204545.45454545447, 0.0),(1.5047349251539346E-7, -7.291275727214297E-8, 7.741355875076625E-6)
(869565.2173913037, -159090.909090909, 0.0),(1.5352687012392794E-7, -7.389082686156144E-8, 7.1397850025656006E-6)
(869565.2173913037, -113636.36363636355, 0.0),(1.5915882732093034E-7, -7.823291000923283E-8, 6.373956467443691E-6)
(869565.2173913037, -68181.81818181809, 0.0),(1.6260011326560195E-7, -8.089960371331823E-8, 5.365436792911628E-6)
(869565.2173913037, -22727.272727272633, 0.0),(1.6365238863197956E-7, -8.17109889721867E-8, 3.95080851417072E-6)
(869565.2173913037, 22727.272727272823, 0.0),(1.6225383220674652E-7, -8.062879285436216E-8, 1.7125573327575023E-6)
(869565.2173913037, 68181.81818181828, 0.0),(1.5848644834142857E-7, -7.770893294770483E-8, -1.3227408136034654E-6)
(869565.2173913037, 113636.36363636373, 0.0),(1.5256639712790042E-7, -7.314951931154864E-8, -4.478629658605327E-7)
(869565.2173913037, 159090.90909090918, 0.0),(1.4985059581581883E-7, -7.263885869069222E-8, 2.783907596164539E-6)
(869565.2173913037, 204545.45454545465, 0.0),(1.4648408279148925E-7, -7.19238757707969E-8, 4.5114765464990474E-6)
(869565.2173913037, 250000.00000000012, 0.0),(1.4135737363774266E-7, -6.97261858658054E-8, 5.654142753831867E-6)
(869565.2173913037, 295454.5454545456, 0.0),(1.348175705961344E-7, -6.633456976054696E-8, 6.484746890846611E-6)
(869565.2173913037, 340909.09090909106, 0.0),(1.2723271102544518E-7, -6.203900885068316E-8, 7.118311334161235E-6)
(869565.2173913037, 386363.6363636365, 0.0),(1.1896196924689525E-7, -5.7134973589904155E-8, 7.6148434165416186E-6)
(869565.2173913037, 431818.181818182, 0.0),(1.1033297534942278E-7, -5.189488682708148E-8, 8.010030883314841E-6)
(869565.2173913037, 477272.72727272747, 0.0),(1.0232405556477056E-7, -4.727078490393718E-8, 8.327098338287512E-6)
(1043478.2608695646, -477272.7272727273, 0.0),(7.655682303651004E-8, -3.71012111070698E-8, 8.216329791471363E-6)
(1043478.2608695646, -431818.1818181818, 0.0),(8.031862813756087E-8, -3.9260094509447694E-8, 7.984825812898028E-6)
(1043478.2608695646, -386363.63636363635, 0.0),(8.371356120690967E-8, -4.110352342560274E-8, 7.708832799169239E-6)
(1043478.2608695646, -340909.0909090909, 0.0),(8.661744813368632E-8, -4.2535035359194034E-8, 7.3795689877899335E-6)
(1043478.2608695646, -295454.5454545454, 0.0),(8.890722039783628E-8, -4.3456972461205775E-8, 6.985426739494241E-6)
(1043478.2608695646, -249999.99999999994, 0.0),(9.046853943814605E-8, -4.3778495259790774E-8, 6.5116925436422505E-6)
(1043478.2608695646, -204545.45454545447, 0.0),(9.161565695668793E-8, -4.386641437161561E-8, 5.935734768577981E-6)
(1043478.2608695646, -159090.909090909, 0.0),(9.475092851782593E-8, -4.6239583661034496E-8, 5.221489150634799E-6)
(1043478.2608695646, -113636.36363636355, 0.0),(9.70636051564659E-8, -4.799982751402205E-8, 4.307497692823146E-6)
(1043478.2608695646, -68181.81818181809, 0.0),(9.846172443132072E-8, -4.906667291677955E-8, 3.0739825708031755E-6)
(1043478.2608695646, -22727.272727272633, 0.0),(9.88880841369461E-8, -4.939045876278166E-8, 1.2301494059612867E-6)
(1043478.2608695646, 22727.272727272823, 0.0),(9.832498000793472E-8, -4.896290394044933E-8, -2.201549738466186E-6)
(1043478.2608695646, 68181.81818181828, 0.0),(9.679569939519973E-8, -4.7796686986171873E-8, -4.185084110718973E-6)
(1043478.2608695646, 113636.36363636373, 0.0),(9.43625630471778E-8, -4.5946599824119444E-8, 3.982410157312201E-7)
(1043478.2608695646, 159090.90909090918, 0.0),(9.11217858307863E-8, -4.3496786978376854E-8, 2.5472181326718996E-6)
(1043478.2608695646, 204545.45454545465, 0.0),(8.998159550571977E-8, -4.3451082753069805E-8, 3.8983270425359364E-6)
(1043478.2608695646, 250000.00000000012, 0.0),(8.831301948896988E-8, -4.3041743125521836E-8, 4.867341243133593E-6)
(1043478.2608695646, 295454.5454545456, 0.0),(8.593089088500999E-8, -4.204333095869402E-8, 5.608435991054419E-6)
(1043478.2608695646, 340909.09090909106, 0.0),(8.295121218049043E-8, -4.054926200481725E-8, 6.196357941390232E-6)
(1043478.2608695646, 386363.6363636365, 0.0),(7.949762028037933E-8, -3.865618533665592E-8, 6.673333850309882E-6)
(1043478.2608695646, 431818.181818182, 0.0),(7.569390538381439E-8, -3.6461305798541144E-8, 7.065768655409738E-6)
(1043478.2608695646, 477272.72727272747, 0.0),(7.165783404446654E-8, -3.4060262903100605E-8, 7.391429386473525E-6)
(1217391.3043478255, -477272.7272727273, 0.0),(5.489513816335113E-8, -2.667127253749629E-8, 7.0072812478978304E-6)
(1217391.3043478255, -431818.1818181818, 0.0),(5.664157584360393E-8, -2.7594310806034255E-8, 6.726773431138525E-6)
(1217391.3043478255, -386363.63636363635, 0.0),(5.814428428492137E-8, -2.8316226649246743E-8, 6.399359538144793E-6)
(1217391.3043478255, -340909.0909090909, 0.0),(5.935465045853714E-8, -2.879768116392396E-8, 6.015276643739314E-6)
(1217391.3043478255, -295454.5454545454, 0.0),(6.022742423250323E-8, -2.9003668450912933E-8, 5.5611511846426085E-6)
(1217391.3043478255, -249999.99999999994, 0.0),(6.089422933472668E-8, -2.908656025760345E-8, 5.01781273327009E-6)
(1217391.3043478255, -204545.45454545447, 0.0),(6.273692274425501E-8, -3.046772142637529E-8, 4.358375127175529E-6)
(1217391.3043478255, -159090.909090909, 0.0),(6.422167304092954E-8, -3.158642948720419E-8, 3.5374308662705687E-6)
(1217391.3043478255, -113636.36363636355, 0.0),(6.530564247836912E-8, -3.240606797142431E-8, 2.4699041765606877E-6)
(1217391.3043478255, -68181.81818181809, 0.0),(6.595652902547769E-8, -3.289889783723237E-8, 9.72553124596323E-7)
(1217391.3043478255, -22727.272727272633, 0.0),(6.61545154430348E-8, -3.304813599270677E-8, -1.4925917079274223E-6)
(1217391.3043478255, 22727.272727272823, 0.0),(6.589349862862999E-8, -3.285187381459924E-8, -7.511069203189965E-6)
(1217391.3043478255, 68181.81818181828, 0.0),(6.518147390835588E-8, -3.231338852034789E-8, -2.516365050128479E-6)
(1217391.3043478255, 113636.36363636373, 0.0),(6.404003322067377E-8, -3.14512573779901E-8, 4.6552332814995956E-7)
(1217391.3043478255, 159090.90909090918, 0.0),(6.250303063921984E-8, -3.0294537330539813E-8, 2.128928108838265E-6)
(1217391.3043478255, 204545.45454545465, 0.0),(6.061455057154878E-8, -2.888087514769022E-8, 3.2730716177407073E-6)
(1217391.3043478255, 250000.00000000012, 0.0),(5.980544696217658E-8, -2.8665973885496314E-8, 4.134073496470316E-6)
(1217391.3043478255, 295454.5454545456, 0.0),(5.8883626682455894E-8, -2.842058954518867E-8, 4.814668954059107E-6)
(1217391.3043478255, 340909.09090909106, 0.0),(5.7630039779612324E-8, -2.790409136897237E-8, 5.369093865499377E-6)
(1217391.3043478255, 386363.6363636365, 0.0),(5.609053392229761E-8, -2.7152469961966442E-8, 5.8296415534011975E-6)
(1217391.3043478255, 431818.181818182, 0.0),(5.431399700522778E-8, -2.620457287353882E-8, 6.2172175179492904E-6)
(1217391.3043478255, 477272.72727272747, 0.0),(5.235007616828997E-8, -2.5097836739544706E-8, 6.546223929398698E-6)
(1391304.3478260865, -477272.7272727273, 0.0),(4.127750157925655E-8, -1.9917321716206348E-8, 5.90789850607559E-6)
(1391304.3478260865, -431818.1818181818, 0.0),(4.2129763832652883E-8, -2.0318250390753253E-8, 5.588168949402958E-6)
(1391304.3478260865, -386363.63636363635, 0.0),(4.282899766741339E-8, -2.059384632049424E-8, 5.218786233958008E-6)
(1391304.3478260865, -340909.0909090909, 0.0),(4.33549437496169E-8, -2.0728828160201827E-8, 4.788684862732769E-6)
(1391304.3478260865, -295454.5454545454, 0.0),(4.3968295853708684E-8, -2.0998160958096326E-8, 4.28229983417476E-6)
(1391304.3478260865, -249999.99999999994, 0.0),(4.5110617760666675E-8, -2.184935639428808E-8, 3.6765981035693502E-6)
(1391304.3478260865, -204545.45454545447, 0.0),(4.6078899226681795E-8, -2.2574384457027338E-8, 2.935408767173351E-6)
(1391304.3478260865, -159090.909090909, 0.0),(4.685203789813105E-8, -2.3155449432762304E-8, 2.0012128544383135E-6)
(1391304.3478260865, -113636.36363636355, 0.0),(4.741260866560349E-8, -2.357779091733955E-8, 7.565009881062257E-7)
(1391304.3478260865, -68181.81818181809, 0.0),(4.7747656672269193E-8, -2.383040282662044E-8, -1.0877845275753942E-6)
(1391304.3478260865, -22727.272727272633, 0.0),(4.7849306876404674E-8, -2.3906724962750348E-8, -4.65374877715973E-6)
(1391304.3478260865, 22727.272727272823, 0.0),(4.771514254646454E-8, -2.380640763352756E-8, -7.133791796363686E-6)
(1391304.3478260865, 68181.81818181828, 0.0),(4.7348322723582235E-8, -2.353029389233444E-8, -1.8791184356099133E-6)
(1391304.3478260865, 113636.36363636373, 0.0),(4.675742957972159E-8, -2.3085677167094532E-8, 2.998110317043079E-7)
(1391304.3478260865, 159090.90909090918, 0.0),(4.595605652162348E-8, -2.248409883691169E-8, 1.6836701205171453E-6)
(1391304.3478260865, 204545.45454545465, 0.0),(4.496217146450652E-8, -2.1740766981495048E-8, 2.6899088604470206E-6)
(1391304.3478260865, 250000.00000000012, 0.0),(4.3797303979949806E-8, -2.087382026178958E-8, 3.4727276118289053E-6)
(1391304.3478260865, 295454.5454545456, 0.0),(4.296635535127185E-8, -2.038923037889581E-8, 4.10650814621726E-6)
(1391304.3478260865, 340909.09090909106, 0.0),(4.2415257842447394E-8, -2.023430199335417E-8, 4.632972377201865E-6)
(1391304.3478260865, 386363.6363636365, 0.0),(4.169346731733172E-8, -1.994067723927304E-8, 5.077964205298199E-6)
(1391304.3478260865, 431818.181818182, 0.0),(4.082148704698012E-8, -1.952404847425068E-8, 5.458673658146085E-6)
(1391304.3478260865, 477272.72727272747, 0.0),(3.982114659453211E-8, -1.9002328760196118E-8, 5.7871704162855624E-6)
(1565217.3913043472, -477272.7272727273, 0.0),(3.244356830628347E-8, -1.5480063642708027E-8, 4.8968743926383705E-6)
(1565217.3913043472, -431818.1818181818, 0.0),(3.287572528599217E-8, -1.564935310340293E-8, 4.543384497124066E-6)
(1565217.3913043472, -386363.63636363635, 0.0),(3.3211686864092594E-8, -1.5740842506682193E-8, 4.136900309894963E-6)
(1565217.3913043472, -340909.0909090909, 0.0),(3.3897955196954376E-8, -1.621339170146782E-8, 3.6647158701951157E-6)
(1565217.3913043472, -295454.5454545454, 0.0),(3.463974719914274E-8, -1.6764017955362822E-8, 3.108515788222968E-6)
(1565217.3913043472, -249999.99999999994, 0.0),(3.528931739158238E-8, -1.7248375997291064E-8, 2.4403800113555255E-6)
(1565217.3913043472, -204545.45454545447, 0.0),(3.58356229633579E-8, -1.765723111484192E-8, 1.6144532454706328E-6)
(1565217.3913043472, -159090.909090909, 0.0),(3.62690592883989E-8, -1.7982518448895806E-8, 5.496206548172223E-7)
(1565217.3913043472, -113636.36363636355, 0.0),(3.6581799792224173E-8, -1.8217644614500616E-8, -9.191527502766111E-7)
(1565217.3913043472, -68181.81818181809, 0.0),(3.676808264543926E-8, -1.8357746951874943E-8, -3.2796818180134725E-6)
(1565217.3913043472, -22727.272727272633, 0.0),(3.682442766217268E-8, -1.8399962449582656E-8, -9.840215815408075E-6)
(1565217.3913043472, 22727.272727272823, 0.0),(3.674976957603711E-8, -1.8344333771422785E-8, -4.870831072452823E-6)
(1565217.3913043472, 68181.81818181828, 0.0),(3.654549928347588E-8, -1.8191015074703785E-8, -1.6764777217940361E-6)
(1565217.3913043472, 113636.36363636373, 0.0),(3.6215410038198276E-8, -1.7943206084674122E-8, 6.425302198099263E-8)
(1565217.3913043472, 159090.90909090918, 0.0),(3.576555296630174E-8, -1.7606010217532628E-8, 1.2588595820704588E-6)
(1565217.3913043472, 204545.45454545465, 0.0),(3.520400972509881E-8, -1.718623000397961E-8, 2.162289367224172E-6)
(1565217.3913043472, 250000.00000000012, 0.0),(3.4540597798757514E-8, -1.669210261119662E-8, 2.883037460882662E-6)
(1565217.3913043472, 295454.5454545456, 0.0),(3.3786525279123046E-8, -1.613299231357484E-8, 3.4775449559426035E-6)
(1565217.3913043472, 340909.09090909106, 0.0),(3.29540153386064E-8, -1.551905602066864E-8, 3.979007363469865E-6)
(1565217.3913043472, 386363.6363636365, 0.0),(3.249102059152829E-8, -1.529822950933822E-8, 4.4086607479134165E-6)
(1565217.3913043472, 431818.181818182, 0.0),(3.204602960381128E-8, -1.5118798118143824E-8, 4.780957028489955E-6)
(1565217.3913043472, 477272.72727272747, 0.0),(3.1516197363310486E-8, -1.4870089403631909E-8, 5.106212691435458E-6)
(1739130.434782608, -477272.7272727273, 0.0),(2.6530206070492768E-8, -1.2494853102348668E-8, 3.956341349918893E-6)
(1739130.434782608, -431818.1818181818, 0.0),(2.6996890842003863E-8, -1.2806432989747281E-8, 3.571774909711341E-6)
(1739130.434782608, -386363.63636363635, 0.0),(2.7543705316274556E-8, -1.3209262175776256E-8, 3.1300881156486397E-6)
(1739130.434782608, -340909.0909090909, 0.0),(2.8044758112247224E-8, -1.3580193651402904E-8, 2.6165179563659582E-6)
(1739130.434782608, -295454.5454545454, 0.0),(2.849348875678768E-8, -1.3913798069783115E-8, 2.0092534338814144E-6)
(1739130.434782608, -249999.99999999994, 0.0),(2.8883789536662064E-8, -1.4204996512399634E-8, 1.2739904542330663E-6)
(1739130.434782608, -204545.45454545447, 0.0),(2.9210170312779065E-8, -1.444920577942169E-8, 3.5194958595775487E-7)
(1739130.434782608, -159090.909090909, 0.0),(2.94679129424491E-8, -1.4642474706627156E-8, -8.709227441055558E-7)
(1739130.434782608, -113636.36363636355, 0.0),(2.965320900828903E-8, -1.4781606864238421E-8, -2.64913329153584E-6)
(1739130.434782608, -68181.81818181809, 0.0),(2.976327473737329E-8, -1.4864262393380025E-8, -5.9194868196891566E-6)
(1739130.434782608, -22727.272727272633, 0.0),(2.979643650843001E-8, -1.4889079700384734E-8, -9.400339890537978E-6)
(1739130.434782608, 22727.272727272823, 0.0),(2.9752182964171002E-8, -1.4856182554395282E-8, -3.976980351564634E-6)
(1739130.434782608, 68181.81818181828, 0.0),(2.9631181197991047E-8, -1.4765531092609518E-8, -1.6400630597962249E-6)
(1739130.434782608, 113636.36363636373, 0.0),(2.9435255831998864E-8, -1.4618656973400356E-8, -1.844153057054277E-7)
(1739130.434782608, 159090.90909090918, 0.0),(2.9167332389102536E-8, -1.4418016698720663E-8, 8.693576446765091E-7)
(1739130.434782608, 204545.45454545465, 0.0),(2.883134713769981E-8, -1.4166912103313613E-8, 1.6906171250351361E-6)
(1739130.434782608, 250000.00000000012, 0.0),(2.843212954400307E-8, -1.3869384144385349E-8, 2.3591839581310303E-6)
(1739130.434782608, 295454.5454545456, 0.0),(2.7975261482393593E-8, -1.3530088672653084E-8, 2.919135491511958E-6)
(1739130.434782608, 340909.09090909106, 0.0),(2.7466920984036524E-8, -1.3154158959341263E-8, 3.3974351461005637E-6)
(1739130.434782608, 386363.6363636365, 0.0),(2.6913717266397395E-8, -1.2747059073774524E-8, 3.8118160609073674E-6)
(1739130.434782608, 431818.181818182, 0.0),(2.632252385620319E-8, -1.231443985092617E-8, 4.174592645733429E-6)
(1739130.434782608, 477272.72727272747, 0.0),(2.5871443960904986E-8, -1.2031520772541094E-8, 4.494688798267352E-6)
(1913043.4782608687, -477272.7272727273, 0.0),(2.296678505767416E-8, -1.0954912439099135E-8, 3.071473361673628E-6)
(1913043.4782608687, -431818.1818181818, 0.0),(2.334433634457195E-8, -1.1232606128154087E-8, 2.6565653895326857E-6)
(1913043.4782608687, -386363.63636363635, 0.0),(2.3694264583230877E-8, -1.1491147819126804E-8, 2.179417957626185E-6)
(1913043.4782608687, -340909.0909090909, 0.0),(2.4012815093592524E-8, -1.1727441182076635E-8, 1.622654589626449E-6)
(1913043.4782608687, -295454.5454545454, 0.0),(2.4296441779219787E-8, -1.1938549042245567E-8, 9.599153386627678E-7)
(1913043.4782608687, -249999.99999999994, 0.0),(2.454188457795108E-8, -1.2121761230744165E-8, 1.4826858331099292E-7)
(1913043.4782608687, -204545.45454545447, 0.0),(2.474624417978007E-8, -1.2274660267869865E-8, -8.895815243154321E-7)
(1913043.4782608687, -159090.909090909, 0.0),(2.4907051034222655E-8, -1.2395181698154717E-8, -2.3160505076929893E-6)
(1913043.4782608687, -113636.36363636355, 0.0),(2.502232598499579E-8, -1.2481668541692345E-8, -4.566162350156655E-6)
(1913043.4782608687, -68181.81818181809, 0.0),(2.5090629901092526E-8, -1.2532914143167945E-8, -9.236400829975423E-6)
(1913043.4782608687, -22727.272727272633, 0.0),(2.5111100562013406E-8, -1.2548225333917699E-8, -6.9345148670527855E-6)
(1913043.4782608687, 22727.272727272823, 0.0),(2.5083474930842936E-8, -1.2527722543854093E-8, -3.522647105875103E-6)
(1913043.4782608687, 68181.81818181828, 0.0),(2.5008096098732538E-8, -1.2471322009451173E-8, -1.6752275843192996E-6)
(1913043.4782608687, 113636.36363636373, 0.0),(2.4885904184648528E-8, -1.2379810340341487E-8, -4.242209478115063E-7)
(1913043.4782608687, 159090.90909090918, 0.0),(2.471841216396305E-8, -1.2254454408104321E-8, 5.183368664681553E-7)
(1913043.4782608687, 204545.45454545465, 0.0),(2.450766749312195E-8, -1.2096967167065698E-8, 1.2709411177525703E-6)
